0008
0009
0012
0024
0026
0030
0031
0035
0046
0052
0059
0059
0070
0073
0074
0075
0089
0097
0103
0103
0104
0106
0108
0111
0118
0121
0137
0138
0142
0159
0168
0171
0176
0187
0189
0197
0201
0203
0210
0211
0217
0218
0223
0224
0236
0241
0242
0246
0247
0250
0251
0255
0261
0262
0267
0275
0293
0297
0331
0310
0313
0323
0327
0328
0330
0332
0334
0357
0348
0350
0360
0360
0367
0379
0383
0398
0391
0395
0396
0400
0401
0406
0409
0414
0426
0439
0445
0436
0455
0483
0611
0476
0567
0471
0493
0492
0482
0493
0494
0508
0495
0499
0531
0535
0550
0540
0617
0551
0561
0552
0598
0580
0664
0588
0611
0583
0664
0614
0627
0629
0619
0630
0635
0646
0655
0638
1208
0661
0744
0667
0676
0679
0685
0684
0697
0716
0721
0739
0746
0753
0748
0769
0763
0786
0796
0806
0794
0795
0806
0804
0817
0809
0824
0849
0826
0847
0841
0833
0841
0868
0867
0865
0858
0868
0923
0881
0873
0891
0898
0886
0901
0934
0920
0915
0916
0920
0921
0925
0934
0985
0958
0935
1003
0973
0974
0986
0987
1017
0988
0993
1005
1023
1007
1018
1032
1026
1038
1028
1029
1069
1073
1052
1055
1069
1686
1080
1095
1101
1102
1134
1146
1109
1110
1115
1180
1181
1140
1163
1147
1165
1169
1180
1183
1187
1195
1188
1738
1204
1197
1200
1207
1219
1211
1216
1218
1235
1242
1220
1223
1241
1245
1244
1268
1290
1263
1276
1277
1291
1286
1379
1324
1292
1302
1303
1319
1377
1320
1321
1329
1340
1367
1372
1370
1537
1388
1404
1394
1412
1402
1419
1454
1423
1433
1437
1511
1467
1471
1533
1499
1505
1512
1517
1518
1530
1532
1738
1549
1544
1548
1576
1619
1561
1564
1567
1594
1595
1580
1596
1606
1597
2153
1608
1625
1612
1617
1642
2157
1671
1651
1663
2157
1724
1679
1822
1683
1723
1726
1722
1748
1728
1733
1816
1740
1749
1751
1756
1754
1787
1806
1789
1793
1774
1950
1801
1808
1794
1811
1840
1821
1822
1825
1828
1853
1841
1834
1842
1949
1860
1891
1877
1864
1873
2060
1880
1883
1885
1919
1892
1963
1906
1915
2439
1917
1922
1927
1942
1952
1976
2060
1975
1962
1967
1971
2004
1985
2000
1998
2009
2087
2029
2005
2034
2012
2053
2047
2024
2058
2060
2059
2076
2064
2089
2078
2081
2083
2103
2095
2147
2131
2104
2206
2127
2136
2133
2784
2138
2140
2142
2148
2154
2260
2161
2227
2173
2189
2164
2180
2193
2247
2313
2211
2228
2231
2406
2244
2254
2423
2784
2265
2269
2276
2314
2288
2290
2310
2320
2303
2501
2308
2317
2324
2323
2327
2345
2328
2347
2334
2351
2356
2367
2516
2369
2652
2386
2435
2396
3031
2408
2417
2428
2784
2436
2435
2446
2467
2496
2464
2501
2522
2510
3215
2508
2521
2523
2605
2784
2533
2546
2537
2548
2564
2539
2572
2579
2578
2601
2603
2609
2635
2607
2613
2646
2685
2868
2626
2653
2619
2686
2665
2656
3088
2780
2711
2698
2752
2937
2778
2713
2761
2763
2738
2742
2778
2951
2748
2820
2824
2951
3182
2836
2850
2938
2831
2858
2848
2855
2860
2865
2861
3223
2873
2893
2895
2908
2898
2892
2934
2917
2951
2925
2941
2914
2958
2928
3225
2930
3004
2946
2943
2947
2961
3066
3020
2963
3382
3382
3032
3035
3079
3029
3039
3047
3059
3084
3061
3090
3064
3133
3093
3077
3103
3159
3098
3116
3225
3126
3185
3129
3166
3130
3390
3171
3254
3196
3221
3959
3231
3234
3236
3249
3252
3230
4041
3320
3250
3261
3255
3259
3269
3266
3291
3375
3375
3297
3310
3307
3319
3314
3368
3316
3340
3320
3332
3389
3343
3391
3344
3334
3469
3541
3377
3437
3392
3449
3461
3595
3456
3467
3454
3593
4091
3470
3473
3487
3486
3467
3497
3475
3498
3480
3493
3512
3524
3613
3542
3553
3555
3589
3537
3571
3554
3686
3569
3575
3694
3610
3716
3823
3633
3636
3642
3639
3655
3656
3616
3916
3660
3662
3664
3668
3673
3696
3689
4091
3711
3695
4000
3846
3826
3991
3718
3717
3734
3732
3886
3792
3738
3802
3753
3797
3735
3923
3839
3773
3795
3858
3816
3894
3852
3869
3854
3828
3862
3889
3866
3890
3961
3871
5344
3886
3894
3991
3898
3929
3912
3930
3942
3943
4200
3964
4281
3951
3995
3947
3991
3987
3984
3975
4281
3993
4026
3998
4006
4022
4009
4023
4140
4199
4059
4032
4069
4071
4045
4101
4072
4049
4073
4149
4114
4093
4199
4229
4105
4145
4134
4129
4146
4167
4141
4143
4186
4324
4195
4198
4412
4617
4284
4216
4229
4178
4350
4232
4206
4257
4273
4230
4274
4366
4632
4270
4272
4315
4341
4295
4351
4371
4365
4313
4355
4475
4412
4533
4493
4390
4386
4375
4381
4421
4397
4563
4443
4575
4424
4402
4425
4392
4435
4411
4437
4438
4443
4449
4422
4493
4469
4533
4849
4487
4471
4490
4489
4697
4501
4564
4486
4516
4691
4544
4509
4552
4551
4562
4587
4522
4966
4588
4594
4836
4624
4933
4563
4636
4645
4647
4615
4616
4668
4680
5061
5344
4640
4674
4732
4726
4675
4974
4670
4692
4737
4748
4720
4760
4770
4714
4736
4781
4784
4804
4826
5061
4802
4933
4873
4871
4894
4897
5119
4880
5061
4919
4846
4929
5052
4938
4902
4925
4951
4937
5002
4943
4973
5060
5022
4959
4986
4972
4967
4995
4988
5346
5353
5061
5050
5007
5005
5023
5022
5033
5051
5397
5053
5077
5054
5046
5056
5141
5075
5099
5079
5085
5069
5110
5111
5124
5071
5131
5138
5106
5167
5152
5137
5159
5193
5759
5172
5191
5184
5142
5174
5149
5190
5186
5183
5192
5182
5209
5246
5212
5220
5246
5210
5235
5242
5265
5228
5256
5759
5331
5250
5275
5288
5314
5316
5285
5372
5331
5325
5317
5296
5328
5889
5406
5354
5361
5396
5393
5457
5513
5370
5466
5466
5382
5364
5477
5408
5373
5477
5558
5424
5392
5431
5425
5433
5439
5443
5430
5454
5434
5879
5465
5502
5491
5603
5474
5613
5488
5704
5490
5499
5483
5503
5597
5526
5486
5564
5510
5509
5557
6186
5533
5566
5527
5542
5553
5554
5626
5577
5626
5580
5568
5598
5574
5599
5928
5597
5676
5625
5648
5650
5617
5719
5643
6306
5693
5879
5692
5709
5679
5658
5672
6367
5717
5846
5754
5728
5749
5895
5779
5757
5764
5724
6070
5787
5762
5789
5799
5774
5903
5812
5766
5928
5954
5827
5802
5796
5862
5853
5888
5863
5830
5918
5926
5815
5888
5881
5980
5866
5870
5876
5865
5872
5897
6097
6217
5899
5901
5937
5894
5908
5914
5907
5916
6179
5950
5961
5925
5912
5964
5940
6042
5923
5951
5999
5983
6008
5962
6030
5989
6281
6179
5995
6171
6110
6098
6073
6081
6160
6283
6077
6208
6206
6139
6190
6281
6159
6509
6222
6164
6248
6219
6172
6224
6226
6580
6317
6392
6251
6721
6228
6234
6337
6296
6244
6231
6332
6448
6447
6268
6273
6271
6260
6302
6675
6326
6294
6301
6329
6409
6448
6323
6352
6359
6318
6365
6788
6340
6345
6346
6422
6375
6387
6360
6350
6361
6354
6363
6389
6401
6531
6520
6395
6374
6644
6422
6436
6444
6406
6423
6479
6453
6449
6456
6606
7103
6426
6614
6538
6457
6614
6472
6808
6548
6553
6552
6573
6499
6721
6600
6550
6619
7261
6564
6566
6639
6587
6583
6709
6594
7020
6668
6649
6638
6917
6663
6881
6659
6694
6677
6667
6711
6762
6710
6754
6702
7262
6726
7207
6759
6751
6719
6769
7073
6805
6898
6866
6889
6941
6844
6773
6783
6901
6862
6794
6851
6822
6865
6863
6875
6956
6846
6848
6898
6861
6905
6909
6912
6864
6874
6943
6897
7056
6970
6939
6933
6927
6985
7055
7006
6924
7189
6977
6972
7027
7028
7066
6983
6984
7012
7189
7220
7353
7019
7204
7075
7058
7088
7060
7098
7120
7074
7152
7123
7133
7101
7154
7247
7093
7092
7661
7189
7404
7104
7220
7136
7261
7280
7301
7523
7146
7245
7523
7153
7196
7656
7246
7251
7191
7193
7218
7226
7322
7394
7307
7773
7609
7314
7248
7327
7350
7832
7283
7386
7250
7284
7298
7313
7400
7448
7400
7661
7387
7413
7361
7416
7370
7418
7428
7396
7552
7540
7447
7475
7476
7477
7485
7612
7547
7594
7578
7438
7563
7508
7662
7556
7527
7700
7529
7543
7581
7691
7592
7542
7721
7561
7930
7569
7602
7579
7612
7654
7587
7779
8035
7668
7704
7643
7915
7690
8090
7783
7644
7748
7641
7681
7745
7840
7731
8129
7697
7709
7716
7780
8131
7701
7780
8430
7734
7784
8026
7742
7797
7753
7763
7771
7808
7785
7759
7828
7798
8092
7852
7800
7874
7877
7896
7902
8194
7844
7824
7918
7862
8109
7850
7854
7879
7950
7885
8226
7872
8259
7987
7951
7915
7882
7884
7958
7986
7929
7984
7943
8101
7982
8001
8017
8005
8132
8037
8048
7967
7970
8164
8065
8182
8225
8073
8038
8378
8010
8259
8058
8075
8077
8078
8226
8372
8114
8450
8120
8142
8143
8093
8259
8512
8259
8294
8296
8559
8249
8346
8110
8126
8215
8211
8118
8436
8169
8407
8436
8167
8240
8176
8233
8191
8204
8383
8269
8255
8188
8344
8199
8260
8381
8310
8514
8281
8262
8381
8302
8399
8312
8318
8385
8580
8347
8303
8307
8660
8408
8384
8483
8391
8405
8345
8354
8449
8366
8358
8477
8389
8575
8406
8692
8416
8395
8559
8527
8406
8692
8443
8476
8418
8526
8448
8713
8481
8619
8458
8468
9308
8456
8475
8660
8531
8538
8499
9051
8691
8641
8505
8558
8486
8772
8563
8614
8599
8547
8623
8601
8857
8622
8594
8738
8692
8600
8612
8967
8579
8905
9051
8665
8688
8634
8727
8784
8663
8894
8819
8845
8667
8714
8767
9124
8756
8696
8760
8762
8690
8691
8839
8769
8730
8845
8839
8761
8815
9255
8874
9308
8838
8802
8777
9308
8838
8960
8851
8822
8829
9143
8877
8790
8878
8923
8820
8847
8986
8908
9754
8981
8911
8886
8901
8939
8942
8956
9219
8916
8881
8882
8971
8924
8985
8929
8907
9046
9415
8966
9104
8963
8997
9092
9024
9219
9041
9142
9140
9012
9010
9068
9065
8982
9071
9219
9048
9058
9054
9055
9104
9117
9097
9049
9102
9450
9099
9357
9086
9062
9132
9197
9149
9218
9073
9168
9521
9215
9152
9218
9103
9175
9147
9148
9648
9662
9155
9156
9803
9183
9273
9285
9299
9257
9209
9217
9306
9228
9282
9277
9281
9213
9283
9293
9291
9309
9609
9292
9239
9291
9438
9338
9607
9317
9333
9310
9315
9321
9332
9659
